
Initial calculated LED module powers:
[100. 100.  58.  78. 100.  40. 100. 100. 100.   0.   0.  46.  17.   0.
   0. 100.  32.   0.   0.   0.   0.   0.   0.  73. 100.   0.   0.  46.
  23.   0.   0. 100. 100. 100.  44. 100. 100.   8. 100. 100.]

Photodiode array values:
[[1742. 1766. 1819. 1821. 1853. 1847. 1849. 1861. 1854. 1840. 1833. 1808.]
 [1742. 1789. 1835. 1837. 1852. 1857. 1858. 1864. 1862. 1858. 1834. 1824.]
 [1765. 1799. 1829. 1843. 1857. 1864. 1864. 1867. 1861. 1863. 1845. 1827.]
 [1795. 1841. 1870. 1863. 1850. 1855. 1864. 1872. 1866. 1871. 1851. 1842.]
 [1812. 1843. 1866. 1870. 1851. 1858. 1860. 1864. 1870. 1867. 1850. 1844.]
 [1819. 1838. 1865. 1869. 1854. 1859. 1861. 1879. 1868. 1865. 1851. 1843.]
 [1799. 1821. 1857. 1843. 1839. 1833. 1862. 1878. 1877. 1873. 1852. 1847.]
 [1782. 1816. 1849. 1849. 1833. 1842. 1861. 1896. 1875. 1876. 1868. 1833.]
 [1772. 1816. 1848. 1850. 1843. 1843. 1864. 1885. 1875. 1875. 1863. 1838.]
 [1736. 1772. 1810. 1818. 1828. 1831. 1864. 1880. 1866. 1867. 1854. 1829.]
 [1721. 1755. 1798. 1804. 1822. 1826. 1852. 1869. 1857. 1849. 1823. 1816.]
 [1691. 1745. 1787. 1796. 1816. 1822. 1844. 1874. 1843. 1855. 1826. 1811.]]

MIN: 1691.
MAX: 1896.
DELTA: 205.
MEAN: 1838.50694444
Calculated module Powers:
[100. 100.  29. 100. 100.  32. 100. 100. 100.  30.   0.  20.   0.   0.
   0. 100.   4.   0.   0.   4.  38.   0.   0.  68. 100.   0.   0.  35.
   0.   0.   0. 100. 100. 100.  49. 100. 100.   4. 100. 100.]

Photodiode array values:
[[1707. 1728. 1775. 1773. 1787. 1780. 1782. 1795. 1808. 1795. 1791. 1767.]
 [1707. 1751. 1790. 1788. 1786. 1790. 1791. 1799. 1813. 1811. 1791. 1782.]
 [1729. 1761. 1785. 1794. 1790. 1796. 1797. 1802. 1812. 1816. 1801. 1784.]
 [1757. 1800. 1823. 1814. 1786. 1789. 1797. 1805. 1815. 1822. 1805. 1795.]
 [1773. 1801. 1821. 1820. 1788. 1793. 1795. 1797. 1818. 1818. 1803. 1797.]
 [1778. 1797. 1819. 1818. 1792. 1796. 1795. 1813. 1816. 1815. 1804. 1797.]
 [1758. 1777. 1805. 1788. 1766. 1758. 1782. 1796. 1819. 1822. 1814. 1812.]
 [1740. 1772. 1797. 1794. 1758. 1764. 1779. 1813. 1815. 1824. 1829. 1800.]
 [1731. 1772. 1796. 1794. 1765. 1764. 1779. 1799. 1814. 1821. 1824. 1806.]
 [1694. 1728. 1756. 1760. 1746. 1746. 1774. 1788. 1801. 1809. 1814. 1796.]
 [1681. 1711. 1746. 1746. 1738. 1739. 1762. 1778. 1792. 1791. 1784. 1783.]
 [1650. 1702. 1733. 1737. 1732. 1736. 1752. 1782. 1776. 1796. 1786. 1778.]]

MIN: 1650.
MAX: 1829.
DELTA: 179.
MEAN: 1782.61111111
Calculated module Powers:
[100. 100.  30. 100. 100.  30. 100. 100. 100.  19.   0.  26.   0.   0.
   0. 100.   0.   0.   0.   0.  24.   0.   0.  69. 100.  10.   0.  27.
  21.   0.   0. 100. 100. 100.  45. 100. 100.   0. 100. 100.]

Photodiode array values:
[[1688. 1707. 1747. 1742. 1754. 1748. 1752. 1764. 1787. 1779. 1782. 1761.]
 [1688. 1729. 1762. 1759. 1753. 1758. 1761. 1768. 1792. 1795. 1782. 1775.]
 [1710. 1739. 1758. 1766. 1757. 1764. 1765. 1769. 1791. 1797. 1791. 1776.]
 [1739. 1780. 1798. 1785. 1751. 1755. 1760. 1769. 1789. 1797. 1787. 1782.]
 [1756. 1782. 1797. 1793. 1752. 1757. 1757. 1760. 1789. 1793. 1786. 1782.]
 [1762. 1778. 1795. 1792. 1756. 1759. 1756. 1773. 1786. 1789. 1785. 1779.]
 [1743. 1762. 1784. 1765. 1727. 1718. 1741. 1756. 1779. 1782. 1775. 1773.]
 [1726. 1757. 1776. 1771. 1721. 1725. 1738. 1772. 1776. 1785. 1789. 1760.]
 [1718. 1755. 1775. 1771. 1729. 1727. 1740. 1760. 1775. 1782. 1784. 1766.]
 [1682. 1714. 1737. 1738. 1714. 1712. 1741. 1753. 1765. 1772. 1775. 1755.]
 [1668. 1697. 1727. 1726. 1707. 1708. 1728. 1744. 1755. 1756. 1745. 1744.]
 [1638. 1688. 1715. 1717. 1702. 1705. 1721. 1751. 1742. 1759. 1747. 1739.]]

MIN: 1638.
MAX: 1798.
DELTA: 160.
MEAN: 1754.80555556
