Initial calculated LED module powers:
[100. 100.  69. 100.  80.   0. 100. 100. 100.   0.   0. 100.   0.   0.
  34. 100.  54.   0.   0.   3.   0.   0.   0. 100.  99.   0.   0.   0.
   0.   0.   0. 100. 100. 100.  58.  86. 100.  74. 100. 100.]

Photodiode array values:
[[1701. 1788. 1856. 1884. 1862. 1844. 1916. 1907. 1891. 1884. 1889. 1868.]
 [1709. 1819. 1875. 1901. 1861. 1853. 1917. 1903. 1889. 1896. 1874. 1869.]
 [1742. 1828. 1872. 1909. 1869. 1862. 1910. 1899. 1880. 1894. 1893. 1879.]
 [1794. 1885. 1929. 1938. 1865. 1855. 1886. 1886. 1879. 1896. 1891. 1890.]
 [1820. 1891. 1929. 1949. 1867. 1867. 1881. 1872. 1883. 1892. 1885. 1889.]
 [1831. 1889. 1931. 1948. 1874. 1868. 1879. 1887. 1882. 1889. 1888. 1892.]
 [1844. 1897. 1937. 1929. 1884. 1885. 1873. 1890. 1914. 1921. 1893. 1892.]
 [1831. 1891. 1930. 1936. 1878. 1897. 1869. 1909. 1914. 1924. 1909. 1878.]
 [1831. 1886. 1928. 1933. 1889. 1903. 1869. 1894. 1917. 1923. 1901. 1877.]
 [1788. 1836. 1886. 1903. 1887. 1905. 1856. 1877. 1885. 1895. 1875. 1844.]
 [1775. 1816. 1878. 1884. 1886. 1907. 1837. 1863. 1890. 1867. 1848. 1846.]
 [1746. 1801. 1871. 1872. 1881. 1905. 1823. 1863. 1874. 1871. 1836. 1834.]]

MIN: 1701.
MAX: 1949.
DELTA: 248.
MEAN: 1876.09027778
Calculated module Powers:
[100. 100.  65. 100.  78.   0. 100. 100. 100.   0.   0. 100.   0.   0.
  27. 100.  48.   0.   0.   0.   0.   0.   0. 100. 100.   0.   0.   3.
   0.   0.   0. 100. 100. 100.  43. 100.  87.  73. 100. 100.]

Photodiode array values:
[[1684. 1770. 1833. 1858. 1829. 1810. 1881. 1872. 1848. 1841. 1846. 1827.]
 [1692. 1798. 1851. 1874. 1828. 1819. 1882. 1868. 1847. 1853. 1831. 1828.]
 [1723. 1808. 1848. 1882. 1834. 1828. 1874. 1863. 1839. 1850. 1850. 1838.]
 [1772. 1862. 1902. 1909. 1829. 1819. 1847. 1848. 1835. 1852. 1847. 1848.]
 [1798. 1868. 1901. 1919. 1829. 1828. 1843. 1832. 1839. 1848. 1843. 1848.]
 [1808. 1864. 1901. 1917. 1837. 1830. 1839. 1848. 1838. 1845. 1844. 1851.]
 [1815. 1866. 1900. 1891. 1842. 1843. 1830. 1846. 1872. 1878. 1853. 1853.]
 [1802. 1860. 1894. 1899. 1836. 1854. 1826. 1865. 1871. 1882. 1868. 1840.]
 [1802. 1854. 1891. 1895. 1847. 1860. 1826. 1851. 1874. 1881. 1862. 1839.]
 [1758. 1805. 1851. 1865. 1846. 1864. 1816. 1835. 1847. 1857. 1839. 1809.]
 [1747. 1785. 1844. 1847. 1846. 1864. 1797. 1823. 1850. 1830. 1813. 1813.]
 [1718. 1771. 1836. 1836. 1842. 1865. 1784. 1824. 1835. 1834. 1803. 1801.]]

MIN: 1684.
MAX: 1919.
DELTA: 235.
MEAN: 1840.02083333
Calculated module Powers:
[100. 100.  64. 100.  78.   0. 100. 100. 100.   0.   0. 100.   0.   0.
  26. 100.  47.   0.   0.   0.   0.   0.   0. 100. 100.   0.   0.   0.
   0.   0.   0. 100. 100. 100.  43. 100.  90.  69. 100. 100.]

Photodiode array values:
[[1676. 1760. 1821. 1845. 1809. 1790. 1857. 1847. 1828. 1822. 1830. 1812.]
 [1684. 1790. 1839. 1861. 1808. 1798. 1858. 1843. 1826. 1834. 1815. 1813.]
 [1716. 1798. 1836. 1868. 1814. 1806. 1850. 1838. 1817. 1831. 1834. 1823.]
 [1764. 1853. 1890. 1896. 1808. 1797. 1823. 1822. 1813. 1832. 1831. 1834.]
 [1791. 1858. 1889. 1906. 1810. 1808. 1818. 1807. 1818. 1828. 1826. 1833.]
 [1802. 1856. 1890. 1904. 1817. 1808. 1815. 1823. 1817. 1826. 1828. 1835.]
 [1810. 1858. 1890. 1882. 1826. 1827. 1813. 1829. 1856. 1865. 1840. 1841.]
 [1796. 1852. 1885. 1889. 1822. 1839. 1810. 1847. 1856. 1867. 1856. 1829.]
 [1795. 1846. 1883. 1885. 1833. 1846. 1810. 1834. 1860. 1867. 1850. 1829.]
 [1752. 1797. 1843. 1855. 1834. 1852. 1803. 1823. 1834. 1845. 1829. 1799.]
 [1740. 1778. 1835. 1839. 1834. 1853. 1786. 1811. 1838. 1818. 1803. 1803.]
 [1712. 1764. 1828. 1828. 1831. 1853. 1773. 1812. 1824. 1824. 1793. 1792.]]

MIN: 1676.
MAX: 1906.
DELTA: 230.
MEAN: 1825.93055556
