9.292363445679969747e-01 9.728076626900332702e-01 9.525386874256295267e-01 9.550196524861649383e-01 1.006204341522301871e+00 1.000879322724206100e+00 1.055193793517485323e+00 1.039744486239712051e+00 1.036146754453415308e+00 1.027965712451208491e+00 9.848051261906501930e-01 9.962728580582357329e-01
9.356725717228528971e-01 9.631598971921422336e-01 9.613046935378395386e-01 9.909428449739243749e-01 9.884894763546556717e-01 9.809338677780203852e-01 1.004797534937767578e+00 1.024332082224756135e+00 1.041552737520128780e+00 1.023281963903760250e+00 1.015646394698825450e+00 1.011358554586108793e+00
9.166259232805582524e-01 9.666837793082009300e-01 1.000099344404242974e+00 9.586375372010575990e-01 1.001381380126085352e+00 9.858859044239586256e-01 1.013126464543939509e+00 1.049032797467286837e+00 1.007106766940707443e+00 1.037163581494095821e+00 1.005528583065940396e+00 1.026204290736933089e+00
9.501710678630400642e-01 9.540054543738236692e-01 9.727549930818746304e-01 9.974897136476916781e-01 1.003674918843764141e+00 1.027084246396971601e+00 1.052042670232007371e+00 1.044823489312760145e+00 1.011700249013020025e+00 1.018698459047582938e+00 1.022350331297497528e+00 9.900691421294000039e-01
9.282761416803007037e-01 9.827581622482344237e-01 9.792230609451834100e-01 9.732819459491995895e-01 1.001158181334125707e+00 1.020666063865376394e+00 1.035848067006181816e+00 1.060425232970679588e+00 1.019507729797549889e+00 9.859400056095166676e-01 1.042761736635068104e+00 1.009086476957159473e+00
9.557817173221736518e-01 9.715451642363177598e-01 1.001828076403603385e+00 9.724917305668321355e-01 9.870232776038136979e-01 9.967703035906919640e-01 1.037942502728031346e+00 9.939030105782056257e-01 1.009426637576393171e+00 1.045248980291012986e+00 9.905058008833024230e-01 1.018467474758926405e+00
9.661639450538945795e-01 9.753954789480034915e-01 1.007615092940509438e+00 1.051365482018972619e+00 1.028789780246348151e+00 1.065456011517655233e+00 9.899054943373125637e-01 1.050812067038380038e+00 1.019912847537592038e+00 9.949487607831555280e-01 1.015302029962829033e+00 9.959415034491254648e-01
9.654371156486954986e-01 1.005191044098815212e+00 1.025150332204851189e+00 9.915444107186657252e-01 1.076113124234680418e+00 1.051488542296612705e+00 1.027436651353704100e+00 1.005134809634809612e+00 1.006824585162354957e+00 9.765087625535204818e-01 9.600205568913824372e-01 9.811481390466481045e-01
9.972128946118790083e-01 9.913255750508840336e-01 9.820061610309478439e-01 1.018525211010330001e+00 1.015187293605052776e+00 1.077145367039701540e+00 1.038662546087537386e+00 1.028730874447307375e+00 9.946733500648963222e-01 1.002442934900531268e+00 1.000712082111073986e+00 1.002219262688805790e+00
1.010505327459067626e+00 9.900691421294000039e-01 1.006655351984660607e+00 1.026790760213865727e+00 1.032811262486906356e+00 1.046222833647133310e+00 9.456700206443614531e-01 9.534991626716670110e-01 9.990982996286617013e-01 9.943980917767446526e-01 9.619223001510986970e-01 9.684032082262826746e-01
9.733874050396696953e-01 9.939030105782056257e-01 1.018582953808164993e+00 1.044701984080836255e+00 1.023456834077027811e+00 1.038122419958526832e+00 9.822209010617877212e-01 9.868606350775690483e-01 9.889247425265423885e-01 9.969362291766853401e-01 1.011700249013020025e+00 9.610990008677768870e-01
9.773586858631466701e-01 9.917086008843750689e-01 1.032692534901840542e+00 1.004966143988266225e+00 1.042096440010569225e+00 1.057803045170575329e+00 9.738094700391448644e-01 9.425445767612119496e-01 9.894148753908377225e-01 9.216098857256846966e-01 9.554259357735825908e-01 9.929692009628728888e-01
