9.361913275944704349e-01 9.867126048821450723e-01 1.013091136571828921e+00 9.766217501688223557e-01 1.017656277486840288e+00 1.072447628113257334e+00 9.790246859337369267e-01 9.647818605755046351e-01 9.606226009592969683e-01 9.524650284331979133e-01 9.162254050925926485e-01 9.268455098934551550e-01
9.870039799721764817e-01 1.060335726723487637e+00 1.147641216102794237e+00 1.138493861222759751e+00 1.153264190800420419e+00 1.172439412718457419e+00 9.342026602319239981e-01 9.521936863363278380e-01 9.670148934665485640e-01 9.482496248802139149e-01 9.513805868660418774e-01 9.469600741664149224e-01
1.165977212648356298e+00 1.178391721117535651e+00 1.187265657067980262e+00 1.199795490623080552e+00 1.241785658261917780e+00 1.198504832823356958e+00 9.435916316915413660e-01 9.755385785353388739e-01 9.371362860364992331e-01 9.628363996594394569e-01 9.360864498341393558e-01 9.558425639950178798e-01
1.038009403036576961e+00 1.003419476967210455e+00 1.031410935560630016e+00 1.030202896615022290e+00 1.046917959587100766e+00 1.069770284783567504e+00 9.821316048947398292e-01 9.729827310717799049e-01 9.439114029307477116e-01 9.476581451028573966e-01 9.537151965353473093e-01 9.216319080620355431e-01
1.046393550115139348e+00 1.087734404379646636e+00 1.079095459991534334e+00 1.045738776602771480e+00 1.073687850233786767e+00 1.107852263101683166e+00 9.670708517382611280e-01 9.886973548416785329e-01 9.513264296060165437e-01 9.181886373764568399e-01 9.732093750808810118e-01 9.398769129345307949e-01
1.045477096583602883e+00 1.033707638330481293e+00 1.063981115992162163e+00 1.048691728720437366e+00 1.064048859600718933e+00 1.066970017805585647e+00 9.685280434012686346e-01 9.272054698673375395e-01 9.415183881064164151e-01 9.740602313276732760e-01 9.247939454866300757e-01 9.482496248802139149e-01
9.822470547131122443e-01 1.094502022980476053e+00 1.091713573875678689e+00 1.125611328139616729e+00 1.133782319463289667e+00 1.102080677188663316e+00 9.222931230071130804e-01 9.792541538080915542e-01 9.498125256543842321e-01 9.256134804147819750e-01 9.463166131873663733e-01 9.258698830409357594e-01
1.052058633231909957e+00 1.051264476875441334e+00 1.059730589022757741e+00 1.121532205146559935e+00 1.155097552452923004e+00 1.075345948709149457e+00 9.573757670078419935e-01 9.362962288581371251e-01 9.370311964613898814e-01 9.086038921812041869e-01 8.943089521533093000e-01 9.120750635206510415e-01
1.035950371242802426e+00 1.039817781787511830e+00 1.029187793379042537e+00 1.049020864282775189e+00 1.074032865609825915e+00 1.142541285902022974e+00 9.678549481026750279e-01 9.593542703150912399e-01 9.258698830409357594e-01 9.318585585418139861e-01 9.330551833448099686e-01 9.356147905547469446e-01
1.066765695703363326e+00 1.059999453817638715e+00 1.019954311192486474e+00 9.955886684671088060e-01 1.037687139949636128e+00 1.072722985357782433e+00 8.804104619581124558e-01 8.888863033290193005e-01 9.369786605118237688e-01 9.306649991027950986e-01 8.996528525456983783e-01 9.088015329212513205e-01
1.080141635786510568e+00 1.064252142195051265e+00 1.058388308352684604e+00 1.093284795818977528e+00 1.019954311192486474e+00 1.066221219145648380e+00 9.137206882935424712e-01 9.206672206307233708e-01 9.194515508851722752e-01 9.372413991861864302e-01 9.438580926741719779e-01 8.946440786343089480e-01
1.046066060896901018e+00 1.099615172317995215e+00 1.169240284677037112e+00 1.065133931732880068e+00 1.154060588970988954e+00 1.082240084761617149e+00 9.061406164338171587e-01 8.784205723463280879e-01 9.195021396912731459e-01 8.658593538619185903e-01 8.958430120015485887e-01 9.243847219917522562e-01
