1.024669381934677270e+00 1.034368098280485926e+00 1.003210645093426612e+00 9.888563699430681364e-01 1.019412216262437720e+00 1.006792096120995739e+00 9.951032003490599687e-01 9.834612932860865575e-01 9.943675121322413935e-01 9.885209369817576919e-01 9.572406839665680289e-01 9.713865740740741384e-01
1.027257995025752546e+00 1.018818222429398235e+00 1.009116311729285620e+00 1.024909632669011250e+00 9.979429446568878204e-01 9.838486570635455175e-01 9.496501375914258025e-01 9.713326111512322614e-01 1.001888513255405178e+00 9.871257456858427703e-01 9.968619346256174518e-01 9.961236445811730844e-01
9.996545842623824063e-01 1.023829390639028558e+00 1.047568050646056736e+00 9.891920306253300099e-01 1.008069088113769496e+00 9.870700199465581859e-01 9.628811241441340707e-01 9.964642578978362142e-01 9.743637967864771099e-01 1.004709437070236966e+00 9.816392506924169759e-01 1.007314110688635411e+00
1.024849559424027445e+00 1.000455360378402103e+00 1.004478562264223163e+00 1.016212852105854436e+00 1.000169221675628162e+00 1.017869270772693735e+00 1.009232804232804259e+00 1.004017130825916260e+00 9.882974414047779321e-01 9.961803972956547737e-01 1.008708799661551359e+00 9.778512573867977897e-01
9.958966983729187206e-01 1.027076969768170311e+00 1.010515999152362676e+00 9.893599464342970329e-01 9.948201145501441856e-01 1.006386458693066199e+00 9.953864473035028970e-01 1.021675723579136053e+00 9.978859909447170828e-01 9.653797666372201380e-01 1.033451051086549555e+00 1.000455360378402103e+00
1.020304506817607093e+00 1.014915157495549725e+00 1.030405936315241355e+00 9.866801158700599927e-01 9.785627005447353755e-01 9.830189651618221891e-01 1.000398119540755859e+00 9.596574277350895521e-01 9.899761257690709026e-01 1.027378713986329073e+00 9.831847915729492460e-01 1.009291060571076759e+00
1.002118198838453322e+00 9.920543735224586213e-01 1.009640739885283134e+00 1.041267170875019854e+00 9.926739146890730670e-01 1.022751423334893106e+00 9.758320311046618789e-01 1.039410196964292821e+00 1.025089894666901147e+00 9.978290437329984108e-01 1.031256758085127290e+00 1.011802461277317988e+00
9.980568715870387075e-01 1.021496660240306831e+00 1.024249214066740743e+00 9.777965738358871395e-01 1.037190552457784465e+00 1.007140045696292452e+00 1.016626451150260513e+00 9.970893210158149333e-01 1.014385237183577981e+00 9.837379505644948674e-01 9.764314700024198102e-01 1.000112013575091829e+00
1.024789493220802372e+00 1.005402698713893983e+00 9.759954414364125919e-01 1.002750377549654903e+00 9.739296125067306020e-01 1.028647978193512946e+00 1.027861873689573269e+00 1.021496660240306831e+00 1.003037995257763493e+00 1.011217299944094039e+00 1.021436986408069458e+00 1.025450608957441334e+00
1.028829557713052845e+00 9.970324646936952195e-01 9.888004486418217054e-01 9.993689033683889056e-01 9.791654999906664880e-01 9.862905197051744510e-01 9.439083531274742311e-01 9.555666375195830398e-01 1.025931956423947078e+00 1.019471653742250128e+00 9.929557801881612189e-01 1.004132448936618127e+00
9.867914855992625522e-01 1.000054812018607464e+00 9.962939221272554269e-01 1.015740579373378250e+00 9.657530148209518828e-01 9.755598021164612055e-01 9.847906692950342267e-01 9.909299140455273269e-01 1.009349323635243989e+00 1.030102411531361728e+00 1.045938764929911668e+00 9.907614649440917853e-01
9.870143004986358104e-01 9.973736999220428334e-01 1.004824914276957193e+00 9.733332405551843314e-01 9.814739451772850343e-01 9.908737579810343865e-01 9.782342135690572649e-01 9.498564935535274145e-01 1.010515999152362676e+00 9.525473051499961930e-01 9.948201145501441856e-01 1.027197646183370505e+00
