9.633191947175596681e-01 9.922640474236545938e-01 9.673126632605441033e-01 9.618040490050738800e-01 1.005827409424057350e+00 9.978473472628603957e-01 1.031751399555245197e+00 1.017893643413819049e+00 1.022117755363432634e+00 1.015038810346033715e+00 9.794942311823007230e-01 9.923751010383634608e-01
9.684748542163483798e-01 9.830234509731461401e-01 9.760439790607933208e-01 9.937096859551469707e-01 9.877321519191019084e-01 9.774427082376427878e-01 9.847155897359961552e-01 1.004573899935169878e+00 1.029355877383071549e+00 1.011968902964822892e+00 1.017659994006401725e+00 1.014864544783996569e+00
9.478723104150705847e-01 9.862489881294451699e-01 1.014110084951996171e+00 9.649966292406572110e-01 9.998163756867314289e-01 9.812285207522578601e-01 9.957742184039279909e-01 1.029893899503778076e+00 9.976789342084700918e-01 1.027149901856678538e+00 1.001453752854955637e+00 1.025071852922286419e+00
9.777660613968989223e-01 9.707013550580521066e-01 9.846609136899252546e-01 1.001001527181957229e+00 1.001284120352072371e+00 1.019942661503166370e+00 1.037789270573241662e+00 1.030252893484898236e+00 1.006741019333270204e+00 1.012951565405583843e+00 1.022117755363432634e+00 9.894405543466804343e-01
9.537347023532083412e-01 9.999855111963209531e-01 9.899929132783763519e-01 9.777660613968989223e-01 9.975666904177057370e-01 1.013067298232251057e+00 1.022707211969755114e+00 1.046300256980090548e+00 1.014864544783996569e+00 9.818804637370883714e-01 1.043468258638161394e+00 1.009319468159109556e+00
9.782514924732763628e-01 9.880073015519279522e-01 1.012488898404542148e+00 9.762051665504544173e-01 9.833505076830184599e-01 9.880623498749473432e-01 1.024538855829658202e+00 9.819348314261105992e-01 1.004915456199668711e+00 1.042977301391257772e+00 9.916536965584942243e-01 1.018946394826221180e+00
9.850984921428481700e-01 9.865233119467932132e-01 1.013878169090135062e+00 1.050888477366255014e+00 1.019590815589924260e+00 1.051262259502967256e+00 9.823699897826033700e-01 1.042915964217569602e+00 1.019473587557088612e+00 9.955506122245301182e-01 1.020705827993297676e+00 1.000606164619734617e+00
9.825332736193448380e-01 1.015969238358954696e+00 1.030612137825045238e+00 9.897166567449244834e-01 1.065985997568860144e+00 1.037121647789669199e+00 1.019180635376756072e+00 9.984091349822968864e-01 1.006569591074784720e+00 9.788994841883172926e-01 9.657323452352858384e-01 9.860844670571370374e-01
1.011161081968043884e+00 9.961098160734456197e-01 9.824244116977206565e-01 1.008057245086150244e+00 9.995909506541658107e-01 1.061710055412534048e+00 1.031211435457088710e+00 1.022943185022817003e+00 9.952153911866858937e-01 1.004858514027400007e+00 1.010527269676651407e+00 1.012373297685422946e+00
1.009721747739882325e+00 9.809571332866222626e-01 9.877321519191019084e-01 1.009951765792787448e+00 1.002812884842544383e+00 1.021705539871841539e+00 9.402833009308353418e-01 9.503613641776824661e-01 1.009549302946348259e+00 1.004858514027400007e+00 9.730448864502361239e-01 9.856460124252753863e-01
9.792238020737468185e-01 1.003664217304632622e+00 1.014110084951996171e+00 1.036031025036837860e+00 1.005542246289155894e+00 1.017368083044894345e+00 9.764739307062140217e-01 9.835686664201638285e-01 9.911548767916138480e-01 1.012257723360668660e+00 1.022589266264303687e+00 9.698519581928112254e-01
9.807943728530253980e-01 9.925417280772124151e-01 1.022943185022817003e+00 9.926528438598126725e-01 1.023592672759339406e+00 1.029893899503778076e+00 9.682633390966725040e-01 9.400839193996795018e-01 9.923195711239188865e-01 9.352253483575336812e-01 9.717119482496194838e-01 1.001227588954130221e+00
