1.002449866934730371e+00 1.001752712579284665e+00 9.872768480440687888e-01 9.717908053947015290e-01 1.015942344866319180e+00 1.019297267104349425e+00 1.017676953521080785e+00 1.031831605513106265e+00 9.919795153833890211e-01 9.973022764571632948e-01 9.637178331598770242e-01 9.908990515681928013e-01
9.727752296446370295e-01 1.016240993330328246e+00 1.008121022719908666e+00 1.012016572339318188e+00 1.024857290143220245e+00 1.018636516916468615e+00 9.851386672492621344e-01 1.006653255812448577e+00 1.004839149840457857e+00 9.905015790244430240e-01 1.016480038550752862e+00 1.000419206826921759e+00
9.990892466074536848e-01 9.994358517233624672e-01 1.033188467158132395e+00 9.798890621063239825e-01 1.022492934371816320e+00 1.004722335245033404e+00 1.019297267104349425e+00 1.025891332159508229e+00 9.899343139313645512e-01 1.005072860539339086e+00 9.884059386754091570e-01 1.013618897294056964e+00
9.934618688174926548e-01 9.702634328125486762e-01 1.000071919437373058e+00 1.006946467176718762e+00 1.013381195729351925e+00 1.023885976516736962e+00 1.040652802863067716e+00 1.022251053022387834e+00 1.001114505708071034e+00 9.959805851659784270e-01 9.981085030347358611e-01 9.796669154134864943e-01
9.979932480112907456e-01 1.015405219735390663e+00 1.024371403079030296e+00 1.001752712579284665e+00 1.003089778061487580e+00 1.016360501884844725e+00 1.031831605513106265e+00 1.035168466616094962e+00 1.011424403484818768e+00 9.835131183815395417e-01 1.018936751683303221e+00 9.788901945608536881e-01
1.004372054361159394e+00 9.954643547313726248e-01 1.016539817428578907e+00 9.945479318501471155e-01 9.733229942877164032e-01 9.977052268718935579e-01 1.024371403079030296e+00 9.702089725839445622e-01 9.886886149720045536e-01 1.002449866934730371e+00 9.902178652357673805e-01 9.787239145889562453e-01
9.973022764571632948e-01 1.011306052864237914e+00 9.988005926011531699e-01 1.030847033370441146e+00 1.012135089328700888e+00 1.028026826189815335e+00 9.977052268718935579e-01 1.019116977510497790e+00 1.010655619222098789e+00 9.765122340859585526e-01 1.002159268063285813e+00 9.962101928162960807e-01
9.982814354926684564e-01 9.993202899667892325e-01 1.010419305287634018e+00 9.997248730801361338e-01 1.042347166107191470e+00 1.018396456463533495e+00 1.030109836445503912e+00 9.765674042686754985e-01 1.003206213323015294e+00 9.734874439938924207e-01 9.517781540419335551e-01 9.982814354926684564e-01
1.015047451732665085e+00 9.912399963043672102e-01 9.896509249716910483e-01 1.001752712579284665e+00 1.004663938131679979e+00 1.015226304214469355e+00 1.020922748541465586e+00 1.020079259696403451e+00 9.962676112712135490e-01 1.001868837625662367e+00 9.993202899667892325e-01 1.014451731648310151e+00
1.004897567324896990e+00 9.866006310248605082e-01 1.010242142346905680e+00 9.977628177993277392e-01 9.888582983727434161e-01 9.853633026767504299e-01 9.529850620551082452e-01 9.672771715475968479e-01 1.003613949692594431e+00 1.007827127022071778e+00 9.661958108192038042e-01 9.956937243983614572e-01
9.807786572603016673e-01 9.909558594023708533e-01 9.983390929626633215e-01 1.003788795328429462e+00 9.730490348770296505e-01 9.728299783630995901e-01 9.848580169537664020e-01 9.914105566708089068e-01 9.976476425923789249e-01 1.021465728374634008e+00 1.043479810175403255e+00 9.940331850914689849e-01
1.000998555452603300e+00 9.853633026767504299e-01 1.006477410944192075e+00 9.911831558894177441e-01 9.656560366232154191e-01 9.795003714827196228e-01 9.926061247017087252e-01 9.427971558609989922e-01 1.008179822429603689e+00 9.597047946008303576e-01 9.979932480112907456e-01 1.017377460597737260e+00
